0
0.047535
0.113766
0.189017
0.280205
0.392841
0.536746
0.72348
0.953387
1.208709
1.489297
1.793268
2.117151
2.364107
2.621219
2.869152
3.106054
3.336291
3.575483
3.825116
4.079654
4.323896
4.557941
4.790452
5.032798
5.284586
5.535654
5.776324
6.009208
6.244521
6.489923
6.74192
6.989541
7.227277
7.460402
7.698776
7.946558
8.197466
8.441753
8.677562
8.911984
9.153387
9.402556
9.651542
9.892888
10.127849
10.364289
10.608367
10.857885
11.104516
11.343563
11.578674
11.817514
12.063648
12.312607
12.556808
12.794345
13.03043
13.271716
13.519136
13.766855
14.00885
14.245703
14.483349
14.726842
14.974753
15.220833
15.461066
15.698003
15.937533
16.182762
16.430433
16.674736
16.913775
17.151438
17.39291
17.639281
17.886148
18.128784
18.367247
18.606098
18.849342
19.096224
19.341927
19.58319
19.821664
20.061966
20.306636
20.553452
20.797842
21.038143
21.277129
21.518945
21.764587
22.010877
22.253997
22.493797
22.733665
22.976881
23.223011
23.468467
23.710512
23.950265
24.191239
24.435604
24.681769
24.926247
25.167516
25.407618
25.649766
25.894943
25.9992
