1.4999
1.4859
1.5785
1.7591
2.0256
2.3845
2.8524
3.4336
4.0631
4.6209
5.0585
5.3461
5.4788
5.4867
5.4320
5.3333
5.2104
5.0717
4.9161
4.7464
4.5721
4.4056
4.2514
4.1025
3.9552
3.8098
3.6743
3.5518
3.4420
3.3374
3.2371
3.1409
3.0544
2.9769
2.9073
2.8406
2.7773
2.7173
2.6646
2.6162
2.5727
2.5302
2.4903
2.4524
2.4193
2.3882
2.3597
2.3312
2.3049
2.2795
2.2573
2.2358
2.2158
2.1955
2.1768
2.1585
2.1424
2.1263
2.1111
2.0956
2.0814
2.0671
2.0545
2.0415
2.0293
2.0167
2.0053
1.9935
1.9833
1.9723
1.9622
1.9514
1.9418
1.9318
1.9231
1.9137
1.9050
1.8958
1.8877
1.8792
1.8716
1.8633
1.8558
1.8476
1.8407
1.8332
1.8267
1.8191
1.8128
1.8055
1.7996
1.7929
1.7870
1.7803
1.7748
1.7683
1.7630
1.7569
1.7518
1.7457
1.7406
1.7349
1.7300
1.7245
1.7197
1.7142
1.7095
1.7042
1.6997
1.6946
1.6902
1.6879
